{
  "advancedEditorSelectedIdentifier" : "ProjectBrowser",
  "openSceneRelativePaths" : [
    "Immersive.usda"
  ],
  "recentIdentifiers" : {
    "AF09ED6F-1707-48FD-8720-65B998362C09" : [

    ]
  },
  "sceneCameraHistory" : {
    "AF09ED6F-1707-48FD-8720-65B998362C09" : [
      {
        "date" : 748090045.771685,
        "title" : "Untitled",
        "transform" : [
          -0.6964909,
          6.139214e-08,
          0.7175656,
          0,
          0.17650525,
          0.96927553,
          0.17132114,
          0,
          -0.6955188,
          0.2459775,
          -0.67509145,
          0,
          -0.49528745,
          0.07804685,
          -0.5089262,
          1
        ]
      },
      {
        "date" : 748089996.164202,
        "title" : "Untitled",
        "transform" : [
          -0.9996069,
          6.165701e-08,
          0.028035793,
          0,
          0.005545097,
          0.98024625,
          0.1977035,
          0,
          -0.027482076,
          0.19778103,
          -0.97986084,
          0,
          0.00023140982,
          0.04287415,
          -0.71313995,
          1
        ]
      },
      {
        "date" : 748089972.515366,
        "title" : "Untitled",
        "transform" : [
          -0.99750876,
          6.300582e-08,
          -0.07054158,
          0,
          -0.011250642,
          0.9871993,
          0.15909415,
          0,
          0.069638506,
          0.15949132,
          -0.9847402,
          0,
          0.07053976,
          0.015105604,
          -0.7107762,
          1
        ]
      },
      {
        "date" : 748089956.26186,
        "title" : "Untitled",
        "transform" : [
          -0.9790934,
          6.2899375e-08,
          -0.20341116,
          0,
          -0.05448039,
          0.963465,
          0.262235,
          0,
          0.19597946,
          0.26783434,
          -0.9433223,
          0,
          0.16380018,
          0.09408013,
          -0.68900305,
          1
        ]
      },
      {
        "date" : 748089938.770356,
        "title" : "Untitled",
        "transform" : [
          -0.9790934,
          6.2899375e-08,
          -0.20341116,
          0,
          -0.05448039,
          0.963465,
          0.262235,
          0,
          0.19597946,
          0.26783434,
          -0.9433223,
          0,
          0.284049,
          0.16314614,
          -1.1948133,
          1
        ]
      },
      {
        "date" : 748089936.872499,
        "title" : "Untitled",
        "transform" : [
          -0.9790934,
          6.2899375e-08,
          -0.20341116,
          0,
          -0.05448039,
          0.963465,
          0.262235,
          0,
          0.19597946,
          0.26783434,
          -0.9433223,
          0,
          0.067868486,
          0.038980886,
          -0.2854795,
          1
        ]
      },
      {
        "date" : 748089903.620997,
        "title" : "Untitled",
        "transform" : [
          -0.9790934,
          6.2899375e-08,
          -0.20341116,
          0,
          -0.05448039,
          0.963465,
          0.262235,
          0,
          0.19597946,
          0.26783434,
          -0.9433223,
          0,
          0.06383307,
          0.102596454,
          -0.26825568,
          1
        ]
      },
      {
        "date" : 748089857.923812,
        "title" : "Untitled",
        "transform" : [
          -0.9788818,
          6.2899375e-08,
          -0.20442696,
          0,
          -0.054752454,
          0.963465,
          0.2621783,
          0,
          0.19695814,
          0.26783434,
          -0.94311845,
          0,
          0.22466405,
          0.35952643,
          -0.9398097,
          1
        ]
      },
      {
        "date" : 748089013.985204,
        "title" : "Untitled",
        "transform" : [
          -0.9788818,
          6.2899375e-08,
          -0.20442696,
          0,
          -0.054752454,
          0.963465,
          0.2621783,
          0,
          0.19695814,
          0.26783434,
          -0.94311845,
          0,
          0.8487414,
          1.3582278,
          -3.5504363,
          1
        ]
      },
      {
        "date" : 748088976.536705,
        "title" : "Untitled",
        "transform" : [
          -0.9870412,
          5.8696646e-08,
          -0.16046713,
          0,
          -0.08770341,
          0.8374257,
          0.5394686,
          0,
          0.13437925,
          0.54655117,
          -0.8265737,
          0,
          0.5959117,
          2.3977344,
          -3.011063,
          1
        ]
      }
    ]
  },
  "sceneViewportBackgroundColors" : {

  }
}